W = {};
W{1} = [-0.129547,   0.197487,   0.351576,  0.0875993;
         0.800796,   -1.18492,  0.0726751,   0.137086;
        -0.749481,  0.0220984,  0.0468351,  -0.431532;
        0.0873838,  -0.332246,    0.60206,   0.593115;
         0.059632,  -0.318128,   0.130511,    0.65827;
        -0.151012, -0.0856242,   -0.34598,   0.340516;
         0.229091,   0.865632,   0.840714,   0.471282;
        0.0944923,  -0.382426,  -0.351013,   0.414184];

W{2} = [-0.0999984;  -0.0736924;   0.0511211; -0.00826997;           5;           5;  -0.0905911;   0.0357729];

W{3} = [-0.294859,   -0.395856,    -1.00206,    0.218845;
         0.104552,   -0.461158,   0.0902125,   -0.117889;
         0.430228,   -0.523649, -0.00203374,    -1.18277;
          0.14721,   -0.220981,    0.164312,    0.989593;
        -0.233436,    0.477685,   -0.210842,    0.383565;
        -0.834392,   -0.016196,   -0.120475,    0.371229;
       -0.0658711,   0.0051402,     -1.2092,  -0.0498549;
         0.788312,    0.459879,  0.00737986,   0.0436246];

W{4} = [0.0358593;  0.0869386; -0.0232996; 0.00388328;          5;          5; -0.0893077;  0.00594004];

W{5} = [0.165099,   0.559455,   -0.42494,   0.529015;
        0.469318,   0.147331,    -0.2811,   0.193098;
        0.450654,   0.572225,   0.119261,  -0.219635;
        0.472271,  -0.147315,  -0.576345,  -0.260147;
       -0.379102,  -0.290234, -0.0720766,  -0.342446;
       -0.522239,  -0.791345,    1.63369,    0.19895;
       0.0974885,  -0.992892,   0.482052,    -0.1261;
        -1.09422,    1.15448,    0.06734,  -0.228809];
W{6} = [0.0342299; -0.0984604; -0.0233169; -0.0866316;          5;          5;  0.0177953;  0.0860873];

W{7} = [-0.389363,  0.222103;
        -0.680955,  0.565254];
W{8} = [ 0.0692334; 0.00538576];

